0 20 40 60 80
-144 -126 -108 -90 -72 -54 -36 -18 0 18 36 54 72 90 108 126 144
 2 13 63 41 48 30 50 76 55 43  7 26 33 60  8 16 24 54 62 74 22  6 42 66
 80 52 69 75 78  3 59 45 27 18 73 84 56 53  4 15 17 40 38  5 77 71  0 34
 28 11 35 23 10 31 57 68  1 32 72 14 61 19 29 51 49 82 83 20 79 25 37 46
 39 65 58 12 70 36 21  9 81 67 64 47 44
26 49 23 20 64  7 40 19 29 13 76 47 69 16 28 48 75  4 77 58  9 21 60 44
  3  5 46 35 72 32 11 53 78 45 55 43 12 17 30 31 84  0  2 80 18 61 37 65
 70  1 10 67 66 59 41 71 42 51 25 52 57 79 62 27 82 74 83 73 24 38  8 14
 56  6 33 22 34 68 15 81 39 50 63 54 36
62 80 28 51 45 16 36 49 83 27 58 18  4 84 47 60 74 59 46 72 44 53 19 40
 11 65  9 21 68 82  0  1 34 55 33 63 13 25 43 26 54 38 22 37 81 69 10 61
  7 20  8 17 30 52 31 73 23 66 48 67 39  5  2 75 77 70 15 50 32 29 71 24
  3 14 12 76 64 41 35 79 56 57 78 42  6
53 84 27 80 67  6  5 37 60  0 39 20 26 61  3 41 64 28 14 42  4 31  1  9
 16 34 11 70 44 83 69 17 51 35 21 23 78 74 79 55 24 45 46 76 73 68 32 81
 40 49 62 38  8 43 25 47 10 50 48 29 71 57 59 66 77 18 36 52 63 56 19 30
 12  2 22 58 13 54 75 72  7 82 33 15 65
 7 75  3 82 61 71 67 79 69 42 70  4 48 58  5 55 60 66 77 62 76 41 39 21
 30 64  2 19 36 35 49 43 18 52 29 16 32 14 31 78 27 10 12 57 23  0  8 45
 65 33 84 26  9 53 28 68 73 11 59 22 83 38 63 17 47 20  6 80  1 54 46 74
 72 44 34 25 37 81 15 56 13 51 40 24 50
66 79 22 28 24 19 33 69 59  1 30  8 36 16 12 17  5 75 15 78 50 39 13 56
  9 61 27 29  0 31  6 73 45 83 54 55  2 65 23 80 37 41 68 71 70 67 43 32
  3 20 76 63 44 26  7 34 38 46 35 77 40 81 21 52 42  4 74 64 84 47 57 82
 51 62 53 11 25 14 60 10 58 49 18 72 48
55 11 15 30 49 69 48  2 39 20 51 12 47 19 74  4 53 60 33 66 45  8 42 62
 16 54  1 34 80 84 36 77 21 35 44 63 28 27 18 37 24 17 83 57  9 10 61 23
 59 32 72 64 71 78 40  0 26 82  6 50 13 67 52  3 58 46  5 14 22 75 68 41
 73  7 43 29 25 65 31 70 81 76 79 38 56
76 46 14  0 50 25 55 41 48 28 45 37 49 64 51 29  3 66 12  6 40 68 74 17
 63 43 84 27 23  8 26 65 78 83 61  9 60 47 44 70 82 53 20 38 80 11 52 72
 34 73 33 62  4 36 77 39 75 54 13 32 71 21 81 31 10 15  5 18 35 56 16  7
 79 69 42 30 58 22 24  1 59 19  2 57 67
23 28 67  7  1 58  8 76 30 69 46  0 14 21 11 37 63 52 79 47 59 27 22 74
 55 41 73 54 78 64 70 38 31 39 81 50 17 62 16 24 83  5 35 66 32 68 65 49
 25 53 72 33 26 77  3 84 29 12 43 45 56 80 18 48 82 19 13 61 20 57 60  9
 15 34  6 44 71 40 75 36  4 42 10  2 51
16 11 19 51 20 31 18 37 47  7 58 29 21 56  8  9 49 64 28 48  0 24 79 78
 32 69 68 65 82 41 52  3 67 12 46 62 80 74 45 30  6 27 63 60 54 57  1 53
 22 36 33 70 13 84  5 43 72 26 83 77 55 17 81 14 61 23 38 25 66 35 59 75
 73  4 50  2 10 42 76 40 34 39 44 71 15
20 17 83 43 48 40 41 29 55 62 77 66  7 54  1 61 14 69 82 28 15 49 80 42
 71 18 33 58 12 25 76 79 34 47 75 26 81 65 57  3  5  6 10 56 19  4 30 24
  2 72  8 70 35 68 22 32 74 21 64 27 13 73 31 67 39 60  0 44 78 38 23 11
 53 59 46 63 36 16  9 52 51 50 84 45 37
33 29 26 52 34 51 24 76 30  1 39 75 14 20 77  5 44 17 59 56  0 43 46 18
 69 49 61  8 80 37 23 41 36 10 53 55 54 11 16 47 27 72 58 45 66 65 63  4
 50 62 38 31 73 78 84 60  6  9 12 42 74 81  2 48 64 21 19 35 40 67 79 15
 13 71 68 28 70 82 57 25 32 22  3 83  7
69 10 31 16 20  0 54  1 55 38  3 81 24 37 13 40 77 25 72 64  4 47 70 83
 84 26 39 32 74 35 63 75 17 57 51  2  7 76 11 68  6 27 12 53  5 28 21 43
 62 58 14 59 41  9 48 56 67 73 34 33 15 44 29 79  8 22 65 49 61 66 18 46
 60 78 52 80 30 19 50 23 71 45 36 42 82
73  8 42 23 32 50 39 13  6 71 60 43 15 36 54 28 22 16 70  3  1 58 44  2
 18 30 11 45 29 31 61 41 51 55 62 79 77 33 27 49 21 47 84 35 10 37 24 19
  9  4 64 17 76 48  5 12 75 59  7 81 78 20 38 53 52 25 83 68 57 26 69 74
 46 82 66 63 72 67  0 34 14 56 40 80 65
30 43 53  7 75 45 35  0 79 47 31 38 18 17 83 13 33 78 84 70 57 56 61 41
 14 26 20 27 51 12  9 22 42 46 28 68 67 80 10 40 34 11 16 60 58 72 77 24
 59 55 76 65 74 48 54 37  6 50 21 29  3 36  2 63 66 69 81 64 73 52 71 32
  1 39 44  4 19 82 15 62  8 49  5 25 23
16 21 36 59 38 70 13 19  1 44 75  0 25 56  7 41 23 35 72 74 78 73 71 53
 61  9 64 58 43 50 20 10  4 32 66 24 55  3 26 17 30 79 54 68 81 11 14 40
 27 80 33 42  8 34 57 28 62 84 63 69 29 76 39 22 12 15 48  5 65 46 60 37
 82  6 45  2 52 49 67 31 51 47 83 77 18
32 20 66 17 60 63  9  5 61 34 13 84  4 73 26 18 48 53 50 51 54 12 29 70
 56 55  7 76 71 80  8 58 57  6 21 41 30 77 38 22 69 82 59 79 31 67 14 75
 47 28 44 19 10 72 74  0 16 36 40 68 24 65 15 27 33  2 39 35 78 43 64  1
 23 52 45 46 49 81 37 83 62 42 11  3 25
50 72 15 44 14 62 48 18 47 13 38  1 22 63 35 66 83 17 45  2 16 21 49 41
 33  4 52 53  8  5 78 71 36 57 61 39 77 82 32 76 67 64 20 59 24  3 75 81
 25  6 30  0 26  9 11 74 27 54 70 19 37 10 80 60 42 51 12 65 34 84 68 56
 23 28 58 46 55 43 31 40 79 29  7 69 73
 8 46  9 26  1 40 84 58 54 39 37 42 43  0 44  6 29 34 32 57 80  5 64 79
  3 83 78 18 65 68 73 38 66 81 10 13 36 69  4 15 72 71 12 82 45 35 60 25
 77 51 20 49 70 41 14 16 30 55 23 47 59 33 63 48 53  2 50 67 24 56 22 74
 75 27 17 11  7 62 31 28 61 21 76 52 19
77 67 40 48 74 70 33 35 81 21 41 46 71 62 13 42 50 51 73  2 37 57 63  3
 44 17 28 39 26 20 36 15 27 23 61 52 53 84 78 31 65 49 14 68 43  6 12 59
 47 60 80 34 64  0 76 32 10 16 18 83 19  9 11 55  8 38 75 22 29  4 69 54
 66  5 72 24 25  7 82 30 79 56 45  1 58
52 80 13  0 63 60 19 68 35 22 75 84 81 54 21 24 57 56 51  7 36 43 46 34
  8 49 27 73 39 25  2  3 62 31  5 50 18 33 29 20 40 76 74 16 72 65 79 67
 26 64 59 48 70 28 42 45 71 41 14 11 37 55 82 69  4 30 17 23 78 66 10 12
  9  6 77 61 83 44 58 53 32 15 47 38  1
 7 79 84 26 32 76 65 14  0 52 83 12 73 67 40 66  9 70 45 18 53  5  4 80
 62 38  8 60 72 15 49 57  1 39 29 71  2 34 58 35 63 30 27 77  6 13 21 33
 48 22 54 20 31 75 10 46 61 43 44 19 17 59 81 16 41 28 47 74 50 36 23 56
 51 42 25 78 37 68 69 82 55  3 24 64 11
34 64 62 47 81 23 54 27 11 33 71 28 65 30 83 16  8  0 75 82 46 21 52 49
 74 45 48 14 66 18  4  6 72 36 73  7 12 84 29 59 39 44 10 63 57 40 51 19
 31 77 38 43 37 78 55 61 26 53 50  2 20 67 25 35 17 24 13 58 22  3 41  9
 60  1 76 79 68 70 56  5 42 69 32 80 15
81 69 32 20 73 57  8 48 44 80  9  4 53 29 18  5 14 45 67 50 17  6 40 41
 42 84 23 61 66 77 74 70 79 82 31 21 54 19 37 51 22  1 26 30 34 47 36 16
 35 24 60 83 78 68 62 55 52 33 28 75  7 11 64 56 58  2 25 72 13 43 39 10
 59 27 76 38 71 12 49  0  3 65 46 15 63
58 75  0 10 77 14 40 54 32 72 51 65 83 38 62  3  4 79 27 20 42  6 44 76
 53 81 37 84 29 16  7 70  1 41 49 15 45 64  2 47 25 78 33  5 56 36 46 11
 82 61 22 50 21 60 57 34 24 80 12 30 63 23 17 35 43 13 68 48 67 66 71 28
 69 73 31 55 18 59  9 26 19 52  8 74 39
57 16 26 47 62 27 68 77 61 12 81 46 67 50 83  0 65 59 76  5 36 63 45 10
 49 35 43 28 17 44 32  9  1 79 40 37 19 33 72 42 70 53 24 80 11  7 25  8
 56 39 48 31 51 38 15 41 73 34 58 52 13 23 74 14  2  4 55 54 84 66 18 64
 75 71 20 22 60 69 21 82  3 78  6 29 30
35 15 11 67  6 38 64 82 48  1 83  0 28 69 70 26 39 58 66 51 63 72 62 31
  8 34 57  7 25 29 59 19 44 37  5 22 60 36 18 61 81 75 78 23 27 43 32 17
 21 42 79 45 47 13 53 65 40 68 41 16  2 55 84 46 30 14 56  3 50 12 20 77
 33 74 49  9 54 76  4 80 71 10 24 52 73
68 20 40 12 13 16 38 59 63  5 48 34 84  7 10 24 66 81 18 42 45  1 15 69
 75 70 73 57 37 28 82 49 33 17 65 46 14 56 77  6 80 21 26 11 50 74 35  9
 61 39 76 55 53 41 64 19 78 44 83 47 58 51 23 30  2 31 72 36 22  0  4 54
 52 32 71 79 62  8 29 27 25 60 43  3 67
30  1 59 12 70 14  9 66 73 48 16  4 22 80 52 13 26 72 43 35 84 56 25 39
 69 65 63 29 42 18 53 49 19 10 17 55 51 21 15 71 68 38 32 41 11 47 36 28
 61 83 77  0 45  7  8 79 82  3 74 81 31 62 75 24 67 34 58 37 78  2  6 76
 40 44 60 50 33 54 20 57  5 46 64 27 23
31 67 61 37 23 56 71 51 72 83 20 21 22 59 10 53 68 57 52 70 16 74 12 43
 27 78 47  8 69 36 38  0 19 54  7 49  9 13 58 35 39 75 64 24 73 42 28 81
 32 62 11  3 41  4 66  2 30 17 79 77 18 84 65 63 33 26 14 29  6 44 80 82
 40 15 76 46 34 45 60 50 55 48  5 25  1
